7611
7611
8280
7611
14181
14104
8418
14448
13284
13280
14022
14608
14013
13650
12750
12284
11664
12210
8010
12284
11360
11289
10404
10404
10990
8096
10695
9834
9768
10336
9152
9555
9216
8883
8680
8742
8556
6084
8883
8680
8883
8357
8100
8556
8556
8100
7656
7239
7000
6875
7056
6642
6642
6642
6360
6534
6534
6534
6254
6534
6084
7056
7239
6820
6534
6765
6084
7239
6534
7239
6534
7239
7611
6765
7000
6588
7296
7112
7482
7239
7056
7482
7296
7598
8357
8618
8040
8883
8618
9280
9702
10050
10626
10472
10117
10050
10695
11664
12284
12358
12996
12920
13650
14400
14094
13612
14195
14276
14362
8096
8096
7598
7239
15575
15136
15136
15308
14952
13013
14742
15170
14661
14400
12996
12675
7098
12284
12284
11592
11899
11060
11289
10990
10050
9490
9768
9425
9216
10184
10050
9768
9152
9702
9425
8946
8946
8357
8296
7847
7239
7482
7239
7056
7056
7056
7056
6820
6820
7000
7056
7611
7000
6588
6642
7000
6534
6480
6360
6084
6588
7239
7000
6820
7000
6534
6534
7876
6534
6084
6534
6307
6307
6534
6534
6534
6534
6588
6588
6588
6588
7296
7540
7296
8100
7656
8357
8556
8556
9425
9490
10117
9768
9490
9490
9768
9834
9834
9834
11060
11060
10990
11360
11664
12284
7826
14062
8096
13728
14062
15088
15521
15540
14691
15910
16008
15312
8418
14362
14110
13776
13351
13746
13416
13244
13728
13321
13398
12750
11289
12284
11899
11360
10695
10626
11060
10404
11060
8418
10695
10117
8418
9834
9216
9152
8100
8357
8618
15051
14790
8357
12714
13182
13260
13920
13920
14062
12358
12358
12600
12600
11736
12284
11972
10990
11060
11972
11431
11972
10336
9768
9768
9768
9834
10404
9425
9280
9216
10117
9152
8680
9702
9768
9768
8883
9216
9280
8883
9152
8742
8556
7598
8160
6588
6588
6642
6534
6534
6534
6534
7788
6534
7056
7056
6588
6534
6588
6765
6534
6480
6534
6588
6588
6588
6820
8096
6875
6820
6820
7000
8096
7482
7056
8418
7598
7598
8296
7906
8742
8883
8418
8357
8680
9768
8096
9834
9768
9834
10050
10764
10626
11972
8418
11972
12284
12996
8096
11972
12600
12996
13321
13398
13728
14480
14141
7611
15288
15555
14027
13612
14276
14872
7000
7783
14181
6820
6820
7056
6820
8357
8618
9152
9216
9216
9216
9425
9216
9834
9768
9768
10117
10764
11130
11360
10990
11592
12600
13321
13806
7869
14062
14080
14760
14678
14691
16008
15312
7482
7540
8296
9360
9800
9009
